2018001期: 红球号码：  01 08 11 26 28 31             蓝球号码：  04   
2018002期: 红球号码：  07 18 24 29 31 33             蓝球号码：  16   
2018003期: 红球号码：  01 14 16 17 20 31             蓝球号码：  04   
2018004期: 红球号码：  14 18 19 26 30 31             蓝球号码：  11   
2018005期: 红球号码：  02 20 21 28 31 33             蓝球号码：  06   
2018006期: 红球号码：  02 07 08 09 17 29             蓝球号码：  11   
2018007期: 红球号码：  13 14 20 25 27 31             蓝球号码：  12   
2018008期: 红球号码：  05 09 10 12 17 19             蓝球号码：  13   
2018009期: 红球号码：  05 10 17 23 26 32             蓝球号码：  07   
2018010期: 红球号码：  01 08 17 20 21 22             蓝球号码：  03   
2018011期: 红球号码：  03 10 21 23 27 33             蓝球号码：  11   
2018012期: 红球号码：  11 12 13 19 26 28             蓝球号码：  12   
2018013期: 红球号码：  06 08 13 15 22 33             蓝球号码：  06   
2018014期: 红球号码：  09 12 20 24 28 31             蓝球号码：  07   
2018015期: 红球号码：  11 15 20 21 26 33             蓝球号码：  15   
2018016期: 红球号码：  01 11 12 18 25 27             蓝球号码：  16   
2018017期: 红球号码：  03 06 11 26 30 32             蓝球号码：  12   
2018018期: 红球号码：  02 12 13 18 25 27             蓝球号码：  07   
2018019期: 红球号码：  03 11 12 16 21 23             蓝球号码：  09   
2018020期: 红球号码：  06 09 10 14 28 30             蓝球号码：  05   
2018021期: 红球号码：  03 04 06 11 23 28             蓝球号码：  14   
2018022期: 红球号码：  07 14 19 21 22 23             蓝球号码：  03   
2018023期: 红球号码：  12 15 16 21 26 29             蓝球号码：  16   
2018024期: 红球号码：  11 19 22 26 31 32             蓝球号码：  02   
2018025期: 红球号码：  04 13 16 19 21 25             蓝球号码：  14   
2018026期: 红球号码：  04 07 12 14 26 32             蓝球号码：  04   
2018027期: 红球号码：  02 07 09 14 18 28             蓝球号码：  05   
2018028期: 红球号码：  03 08 11 14 18 23             蓝球号码：  16   
2018029期: 红球号码：  01 02 09 14 22 25             蓝球号码：  05   
2018030期: 红球号码：  13 14 20 21 25 33             蓝球号码：  07   
2018031期: 红球号码：  02 16 18 19 27 30             蓝球号码：  14   
2018032期: 红球号码：  21 22 23 24 25 32             蓝球号码：  06   
2018033期: 红球号码：  04 19 20 22 28 33             蓝球号码：  06   
2018034期: 红球号码：  01 05 11 22 23 26             蓝球号码：  15   
2018035期: 红球号码：  07 10 11 17 23 28             蓝球号码：  15   
2018036期: 红球号码：  08 17 24 26 28 33             蓝球号码：  04   
2018037期: 红球号码：  01 06 07 08 27 30             蓝球号码：  10   
2018038期: 红球号码：  15 23 24 25 28 29             蓝球号码：  09   
2018039期: 红球号码：  08 12 18 19 23 32             蓝球号码：  03   
2018040期: 红球号码：  01 03 08 13 18 23             蓝球号码：  16   
2018041期: 红球号码：  07 08 20 23 24 32             蓝球号码：  13   
2018042期: 红球号码：  06 10 21 28 29 31             蓝球号码：  12   
2018043期: 红球号码：  01 04 06 08 21 24             蓝球号码：  07   
2018044期: 红球号码：  05 09 12 17 27 30             蓝球号码：  06   
2018045期: 红球号码：  03 04 06 25 26 30             蓝球号码：  01   
2018046期: 红球号码：  10 13 14 18 20 31             蓝球号码：  03   
2018047期: 红球号码：  06 07 12 16 22 25             蓝球号码：  07   
2018048期: 红球号码：  01 12 20 25 30 31             蓝球号码：  02   
2018049期: 红球号码：  01 03 04 11 19 23             蓝球号码：  02   
2018050期: 红球号码：  01 02 04 10 18 19             蓝球号码：  07   
2018051期: 红球号码：  05 07 20 23 27 31             蓝球号码：  04   
2018052期: 红球号码：  03 05 06 09 15 32             蓝球号码：  14   
2018053期: 红球号码：  01 04 10 11 14 27             蓝球号码：  06   
2018054期: 红球号码：  04 06 18 22 25 33             蓝球号码：  16   
2018055期: 红球号码：  07 09 10 12 22 26             蓝球号码：  07   
2018056期: 红球号码：  01 03 06 20 21 26             蓝球号码：  01   
2018057期: 红球号码：  05 15 17 19 20 30             蓝球号码：  13   
2018058期: 红球号码：  07 12 13 16 26 31             蓝球号码：  07   
2018059期: 红球号码：  04 06 08 13 22 32             蓝球号码：  11   
2018060期: 红球号码：  04 08 13 25 30 31             蓝球号码：  10   
2018061期: 红球号码：  09 10 11 12 18 23             蓝球号码：  07   
2018062期: 红球号码：  02 18 19 24 25 33             蓝球号码：  11   
2018063期: 红球号码：  05 06 10 16 20 25             蓝球号码：  12   
2018064期: 红球号码：  02 05 10 11 17 21             蓝球号码：  05   
2018065期: 红球号码：  01 04 06 14 28 33             蓝球号码：  01   
2018066期: 红球号码：  09 16 17 19 22 26             蓝球号码：  10   
2018067期: 红球号码：  01 04 09 12 15 18             蓝球号码：  05   
2018068期: 红球号码：  08 10 17 20 27 30             蓝球号码：  01   
2018069期: 红球号码：  06 13 17 19 23 31             蓝球号码：  12   
2018070期: 红球号码：  04 09 15 16 19 27             蓝球号码：  10   
2018071期: 红球号码：  02 05 06 13 16 19             蓝球号码：  03   
2018072期: 红球号码：  11 16 19 22 25 30             蓝球号码：  08   
2018073期: 红球号码：  02 09 14 15 16 23             蓝球号码：  10   
2018074期: 红球号码：  09 11 14 20 27 30             蓝球号码：  09   
2018075期: 红球号码：  07 09 12 13 22 24             蓝球号码：  11   
2018076期: 红球号码：  03 07 08 15 29 30             蓝球号码：  13   
2018077期: 红球号码：  02 05 09 15 20 24             蓝球号码：  10   
2018078期: 红球号码：  03 10 14 17 18 30             蓝球号码：  12   
2018079期: 红球号码：  14 15 17 22 24 29             蓝球号码：  13   
2018080期: 红球号码：  04 07 13 20 29 33             蓝球号码：  03   
2018081期: 红球号码：  01 02 12 16 20 26             蓝球号码：  03   
2018082期: 红球号码：  06 12 14 20 22 24             蓝球号码：  09   
2018083期: 红球号码：  04 09 18 21 32 33             蓝球号码：  03   
2018084期: 红球号码：  05 06 08 12 22 24             蓝球号码：  03   
2018085期: 红球号码：  04 10 25 26 30 33             蓝球号码：  06   
2018086期: 红球号码：  02 07 17 21 23 26             蓝球号码：  16   
2018087期: 红球号码：  01 05 10 16 18 31             蓝球号码：  03   
2018088期: 红球号码：  03 05 12 29 30 32             蓝球号码：  14   
2018089期: 红球号码：  06 09 12 14 18 27             蓝球号码：  14   
2018090期: 红球号码：  01 02 04 10 14 23             蓝球号码：  07   
2018091期: 红球号码：  06 11 13 17 25 32             蓝球号码：  07   
2018092期: 红球号码：  06 10 16 19 24 33             蓝球号码：  16   
2018093期: 红球号码：  04 18 20 21 29 33             蓝球号码：  07   
